0
4096
4352
4368
4369
8192
8704
8736
8738
12288
12544
12560
12561
12800
12832
12834
13056
13072
13073
13088
13090
13104
13105
13106
13107
16384
17408
17472
17476
20480
20736
20752
20753
21504
21568
21572
21760
21776
21777
21824
21828
21840
21841
21844
21845
24576
25088
25120
25122
25600
25664
25668
26112
26144
26146
26176
26180
26208
26210
26212
26214
28672
28928
28944
28945
29184
29216
29218
29440
29456
29457
29472
29474
29488
29489
29490
29491
29696
29760
29764
29952
29968
29969
30016
30020
30032
30033
30036
30037
30208
30240
30242
30272
30276
30304
30306
30308
30310
30464
30480
30481
30496
30498
30512
30513
30514
30515
30528
30532
30544
30545
30548
30549
30560
30562
30564
30566
30576
30577
30578
30579
30580
30581
30582
30583
32768
34816
34944
34952
36864
37120
37136
37137
38912
39040
39048
39168
39184
39185
39296
39304
39312
39313
39320
39321
40960
41472
41504
41506
43008
43136
43144
43520
43552
43554
43648
43656
43680
43682
43688
43690
45056
45312
45328
45329
45568
45600
45602
45824
45840
45841
45856
45858
45872
45873
45874
45875
47104
47232
47240
47360
47376
47377
47488
47496
47504
47505
47512
47513
47616
47648
47650
47744
47752
47776
47778
47784
47786
47872
47888
47889
47904
47906
47920
47921
47922
47923
48000
48008
48016
48017
48024
48025
48032
48034
48040
48042
48048
48049
48050
48051
48056
48057
48058
48059
49152
50176
50240
50244
51200
51328
51336
52224
52288
52292
52352
52360
52416
52420
52424
52428
53248
53504
53520
53521
54272
54336
54340
54528
54544
54545
54592
54596
54608
54609
54612
54613
55296
55424
55432
55552
55568
55569
55680
55688
55696
55697
55704
55705
56320
56384
56388
56448
56456
56512
56516
56520
56524
56576
56592
56593
56640
56644
56656
56657
56660
56661
56704
56712
56720
56721
56728
56729
56768
56772
56776
56780
56784
56785
56788
56789
56792
56793
56796
56797
57344
57856
57888
57890
58368
58432
58436
58880
58912
58914
58944
58948
58976
58978
58980
58982
59392
59520
59528
59904
59936
59938
60032
60040
60064
60066
60072
60074
60416
60480
60484
60544
60552
60608
60612
60616
60620
60928
60960
60962
60992
60996
61024
61026
61028
61030
61056
61064
61088
61090
61096
61098
61120
61124
61128
61132
61152
61154
61156
61158
61160
61162
61164
61166
61440
61696
61712
61713
61952
61984
61986
62208
62224
62225
62240
62242
62256
62257
62258
62259
62464
62528
62532
62720
62736
62737
62784
62788
62800
62801
62804
62805
62976
63008
63010
63040
63044
63072
63074
63076
63078
63232
63248
63249
63264
63266
63280
63281
63282
63283
63296
63300
63312
63313
63316
63317
63328
63330
63332
63334
63344
63345
63346
63347
63348
63349
63350
63351
63488
63616
63624
63744
63760
63761
63872
63880
63888
63889
63896
63897
64000
64032
64034
64128
64136
64160
64162
64168
64170
64256
64272
64273
64288
64290
64304
64305
64306
64307
64384
64392
64400
64401
64408
64409
64416
64418
64424
64426
64432
64433
64434
64435
64440
64441
64442
64443
64512
64576
64580
64640
64648
64704
64708
64712
64716
64768
64784
64785
64832
64836
64848
64849
64852
64853
64896
64904
64912
64913
64920
64921
64960
64964
64968
64972
64976
64977
64980
64981
64984
64985
64988
64989
65024
65056
65058
65088
65092
65120
65122
65124
65126
65152
65160
65184
65186
65192
65194
65216
65220
65224
65228
65248
65250
65252
65254
65256
65258
65260
65262
65280
65296
65297
65312
65314
65328
65329
65330
65331
65344
65348
65360
65361
65364
65365
65376
65378
65380
65382
65392
65393
65394
65395
65396
65397
65398
65399
65408
65416
65424
65425
65432
65433
65440
65442
65448
65450
65456
65457
65458
65459
65464
65465
65466
65467
65472
65476
65480
65484
65488
65489
65492
65493
65496
65497
65500
65501
65504
65506
65508
65510
65512
65514
65516
65518
65520
65521
65522
65523
65524
65525
65526
65527
65528
65529
65530
65531
65532
65533
65534
65535
