0 0
1 1
2 1
3 2
4 1
5 2
6 2
7 3
8 1
9 2
10 2
11 3
12 2
13 3
14 3
15 4
16 1
17 2
19 3
21 3
23 4
25 3
27 4
29 4
31 5
34 2
35 3
38 3
39 4
42 3
43 4
46 4
47 5
48 2
49 3
51 4
55 5
59 5
63 6
68 2
69 3
70 3
71 4
76 3
77 4
78 4
79 5
85 4
87 5
93 5
95 6
102 4
103 5
110 5
111 6
112 3
113 4
115 5
119 6
127 7
128 1
136 2
137 3
138 3
139 4
140 3
141 4
142 4
143 5
153 4
155 5
157 5
159 6
170 4
171 5
174 5
175 6
187 6
191 7
192 2
200 3
204 4
205 5
206 5
207 6
221 6
223 7
224 3
232 4
236 5
238 6
239 7
240 4
241 5
243 6
247 7
248 5
252 6
254 7
255 8
256 1
257 2
259 3
263 4
271 5
272 2
273 3
275 4
277 4
279 5
281 4
283 5
285 5
287 6
304 3
305 4
307 5
311 6
315 6
319 7
341 5
343 6
349 6
351 7
368 4
369 5
371 6
375 7
383 8
409 5
411 6
413 6
415 7
443 7
447 8
477 7
479 8
496 5
497 6
499 7
503 8
511 9
546 3
547 4
550 4
551 5
554 4
555 5
558 5
559 6
563 5
567 6
571 6
575 7
614 5
615 6
622 6
623 7
631 7
639 8
682 5
683 6
686 6
687 7
699 7
703 8
750 7
751 8
767 9
768 2
769 3
771 4
775 5
783 6
784 3
785 4
787 5
791 6
799 7
816 4
817 5
819 6
823 7
827 7
831 8
880 5
881 6
883 7
887 8
895 9
955 8
959 9
1008 6
1009 7
1011 8
1015 9
1023 10
1092 3
1093 4
1094 4
1095 5
1100 4
1101 5
1102 5
1103 6
1109 5
1111 6
1117 6
1119 7
1126 5
1127 6
1134 6
1135 7
1143 7
1151 8
1228 5
1229 6
1230 6
1231 7
1245 7
1247 8
1262 7
1263 8
1279 9
1365 6
1367 7
1373 7
1375 8
1399 8
1407 9
1501 8
1503 9
1535 10
1638 6
1639 7
1646 7
1647 8
1655 8
1663 9
1774 8
1775 9
1791 10
1792 3
1793 4
1795 5
1799 6
1807 7
1808 4
1809 5
1811 6
1815 7
1823 8
1840 5
1841 6
1843 7
1847 8
1855 9
1904 6
1905 7
1907 8
1911 9
1919 10
2032 7
2033 8
2035 9
2039 10
2047 11
2048 1
2056 2
2060 3
2062 4
2063 5
2176 2
2184 3
2185 4
2186 4
2187 5
2188 4
2189 5
2190 5
2191 6
2201 5
2203 6
2205 6
2207 7
2218 5
2219 6
2222 6
2223 7
2235 7
2239 8
2240 3
2248 4
2252 5
2253 6
2254 6
2255 7
2269 7
2271 8
2272 4
2280 5
2284 6
2286 7
2287 8
2288 5
2296 6
2300 7
2302 8
2303 9
2457 6
2459 7
2461 7
2463 8
2491 8
2495 9
2525 8
2527 9
2559 10
2730 6
2731 7
2734 7
2735 8
2747 8
2751 9
2798 8
2799 9
2815 10
3003 9
3007 10
3071 11
3072 2
3080 3
3084 4
3086 5
3087 6
3200 3
3208 4
3212 5
3214 6
3215 7
3264 4
3272 5
3276 6
3277 7
3278 7
3279 8
3293 8
3295 9
3296 5
3304 6
3308 7
3310 8
3311 9
3312 6
3320 7
3324 8
3326 9
3327 10
3549 9
3551 10
3583 11
3584 3
3592 4
3596 5
3598 6
3599 7
3712 4
3720 5
3724 6
3726 7
3727 8
3776 5
3784 6
3788 7
3790 8
3791 9
3808 6
3816 7
3820 8
3822 9
3823 10
3824 7
3832 8
3836 9
3838 10
3839 11
3840 4
3841 5
3843 6
3847 7
3848 5
3852 6
3854 7
3855 8
3856 5
3857 6
3859 7
3863 8
3871 9
3888 6
3889 7
3891 8
3895 9
3903 10
3952 7
3953 8
3955 9
3959 10
3967 11
3968 5
3976 6
3980 7
3982 8
3983 9
4032 6
4040 7
4044 8
4046 9
4047 10
4064 7
4072 8
4076 9
4078 10
4079 11
4080 8
4081 9
4083 10
4087 11
4088 9
4092 10
4094 11
4095 12
4096 1
4097 2
4099 3
4103 4
4111 5
4112 2
4113 3
4115 4
4119 5
4127 6
4144 3
4145 4
4147 5
4151 6
4159 7
4208 4
4209 5
4211 6
4215 7
4223 8
4336 5
4337 6
4339 7
4343 8
4351 9
4352 2
4353 3
4355 4
4359 5
4367 6
4368 3
4369 4
4371 5
4373 5
4375 6
4377 5
4379 6
4381 6
4383 7
4400 4
4401 5
4403 6
4407 7
4411 7
4415 8
4437 6
4439 7
4445 7
4447 8
4464 5
4465 6
4467 7
4471 8
4479 9
4505 6
4507 7
4509 7
4511 8
4539 8
4543 9
4573 8
4575 9
4592 6
4593 7
4595 8
4599 9
4607 10
4864 3
4865 4
4867 5
4871 6
4879 7
4880 4
4881 5
4883 6
4887 7
4895 8
4912 5
4913 6
4915 7
4919 8
4923 8
4927 9
4976 6
4977 7
4979 8
4983 9
4991 10
5051 9
5055 10
5104 7
5105 8
5107 9
5111 10
5119 11
5461 7
5463 8
5469 8
5471 9
5495 9
5503 10
5597 9
5599 10
5631 11
5888 4
5889 5
5891 6
5895 7
5903 8
5904 5
5905 6
5907 7
5911 8
5919 9
5936 6
5937 7
5939 8
5943 9
5951 10
6000 7
6001 8
6003 9
6007 10
6015 11
6128 8
6129 9
6131 10
6135 11
6143 12
6553 7
6555 8
6557 8
6559 9
6587 9
6591 10
6621 9
6623 10
6655 11
7099 10
7103 11
7167 12
7645 10
7647 11
7679 12
7936 5
7937 6
7939 7
7943 8
7951 9
7952 6
7953 7
7955 8
7959 9
7967 10
7984 7
7985 8
7987 9
7991 10
7999 11
8048 8
8049 9
8051 10
8055 11
8063 12
8176 9
8177 10
8179 11
8183 12
8191 13
8192 1
8704 2
8736 3
8738 4
8739 5
8742 5
8743 6
8746 5
8747 6
8750 6
8751 7
8755 6
8759 7
8763 7
8767 8
8806 6
8807 7
8814 7
8815 8
8823 8
8831 9
8874 6
8875 7
8878 7
8879 8
8891 8
8895 9
8942 8
8943 9
8959 10
9011 7
9015 8
9019 8
9023 9
9079 9
9087 10
9147 9
9151 10
9215 11
9830 7
9831 8
9838 8
9839 9
9847 9
9855 10
9966 9
9967 10
9983 11
10103 10
10111 11
10239 12
10922 7
10923 8
10926 8
10927 9
10939 9
10943 10
10990 9
10991 10
11007 11
11195 10
11199 11
11263 12
12014 10
12015 11
12031 12
12287 13
12288 2
12289 3
12291 4
12295 5
12303 6
12304 3
12305 4
12307 5
12311 6
12319 7
12336 4
12337 5
12339 6
12343 7
12351 8
12400 5
12401 6
12403 7
12407 8
12415 9
12528 6
12529 7
12531 8
12535 9
12543 10
12544 3
12545 4
12547 5
12551 6
12559 7
12560 4
12561 5
12563 6
12567 7
12575 8
12592 5
12593 6
12595 7
12599 8
12607 9
12656 6
12657 7
12659 8
12663 9
12671 10
12784 7
12785 8
12787 9
12791 10
12799 11
12800 3
12832 4
12834 5
13056 4
13057 5
13059 6
13063 7
13071 8
13072 5
13073 6
13075 7
13079 8
13087 9
13088 5
13090 6
13104 6
13105 7
13106 7
13107 8
13111 9
13115 9
13119 10
13168 7
13169 8
13171 9
13175 10
13183 11
13243 10
13247 11
13296 8
13297 9
13299 10
13303 11
13311 12
14080 5
14081 6
14083 7
14087 8
14095 9
14096 6
14097 7
14099 8
14103 9
14111 10
14128 7
14129 8
14131 9
14135 10
14143 11
14192 8
14193 9
14195 10
14199 11
14207 12
14320 9
14321 10
14323 11
14327 12
14335 13
15291 11
15295 12
15359 13
16128 6
16129 7
16131 8
16135 9
16143 10
16144 7
16145 8
16147 9
16151 10
16159 11
16176 8
16177 9
16179 10
16183 11
16191 12
16240 9
16241 10
16243 11
16247 12
16255 13
16368 10
16369 11
16371 12
16375 13
16383 14
16384 1
17408 2
17472 3
17476 4
17477 5
17478 5
17479 6
17484 5
17485 6
17486 6
17487 7
17493 6
17495 7
17501 7
17503 8
17510 6
17511 7
17518 7
17519 8
17527 8
17535 9
17612 6
17613 7
17614 7
17615 8
17629 8
17631 9
17646 8
17647 9
17663 10
17749 7
17751 8
17757 8
17759 9
17783 9
17791 10
17885 9
17887 10
17919 11
18022 7
18023 8
18030 8
18031 9
18039 9
18047 10
18158 9
18159 10
18175 11
18295 10
18303 11
18431 12
19660 7
19661 8
19662 8
19663 9
19677 9
19679 10
19694 9
19695 10
19711 11
19933 10
19935 11
19967 12
20206 10
20207 11
20223 12
20479 13
20480 2
20736 3
20752 4
20753 5
21504 3
21568 4
21572 5
21760 4
21776 5
21777 6
21824 5
21828 6
21840 6
21841 7
21844 7
21845 8
21847 9
21853 9
21855 10
21879 10
21887 11
21981 10
21983 11
22015 12
22391 11
22399 12
22527 13
24029 11
24031 12
24063 13
24575 14
24576 2
25088 3
25120 4
25122 5
25600 3
25664 4
25668 5
26112 4
26144 5
26146 6
26176 5
26180 6
26208 6
26210 7
26212 7
26214 8
26215 9
26222 9
26223 10
26231 10
26239 11
26350 10
26351 11
26367 12
26487 11
26495 12
26623 13
28398 11
28399 12
28415 13
28671 14
28672 3
28673 4
28675 5
28679 6
28687 7
28688 4
28689 5
28691 6
28695 7
28703 8
28720 5
28721 6
28723 7
28727 8
28735 9
28784 6
28785 7
28787 8
28791 9
28799 10
28912 7
28913 8
28915 9
28919 10
28927 11
28928 4
28929 5
28931 6
28935 7
28943 8
28944 5
28945 6
28947 7
28951 8
28959 9
28976 6
28977 7
28979 8
28983 9
28991 10
29040 7
29041 8
29043 9
29047 10
29055 11
29168 8
29169 9
29171 10
29175 11
29183 12
29184 4
29216 5
29218 6
29440 5
29441 6
29443 7
29447 8
29455 9
29456 6
29457 7
29459 8
29463 9
29471 10
29472 6
29474 7
29488 7
29489 8
29490 8
29491 9
29495 10
29503 11
29552 8
29553 9
29555 10
29559 11
29567 12
29680 9
29681 10
29683 11
29687 12
29695 13
29696 4
29760 5
29764 6
29952 5
29968 6
29969 7
30016 6
30020 7
30032 7
30033 8
30036 8
30037 9
30208 5
30240 6
30242 7
30272 6
30276 7
30304 7
30306 8
30308 8
30310 9
30464 6
30465 7
30467 8
30471 9
30479 10
30480 7
30481 8
30483 9
30487 10
30495 11
30496 7
30498 8
30512 8
30513 9
30514 9
30515 10
30519 11
30527 12
30528 7
30532 8
30544 8
30545 9
30548 9
30549 10
30560 8
30562 9
30564 9
30566 10
30576 9
30577 10
30578 10
30579 11
30580 10
30581 11
30582 11
30583 12
30591 13
30704 10
30705 11
30707 12
30711 13
30719 14
32512 7
32513 8
32515 9
32519 10
32527 11
32528 8
32529 9
32531 10
32535 11
32543 12
32560 9
32561 10
32563 11
32567 12
32575 13
32624 10
32625 11
32627 12
32631 13
32639 14
32752 11
32753 12
32755 13
32759 14
32767 15
32768 1
32776 2
32780 3
32782 4
32783 5
32896 2
32904 3
32908 4
32910 5
32911 6
32960 3
32968 4
32972 5
32974 6
32975 7
32992 4
33000 5
33004 6
33006 7
33007 8
33008 5
33016 6
33020 7
33022 8
33023 9
34816 2
34824 3
34828 4
34830 5
34831 6
34944 3
34952 4
34953 5
34954 5
34955 6
34956 5
34957 6
34958 6
34959 7
34969 6
34971 7
34973 7
34975 8
34986 6
34987 7
34990 7
34991 8
35003 8
35007 9
35008 4
35016 5
35020 6
35021 7
35022 7
35023 8
35037 8
35039 9
35040 5
35048 6
35052 7
35054 8
35055 9
35056 6
35064 7
35068 8
35070 9
35071 10
35225 7
35227 8
35229 8
35231 9
35259 9
35263 10
35293 9
35295 10
35327 11
35498 7
35499 8
35502 8
35503 9
35515 9
35519 10
35566 9
35567 10
35583 11
35771 10
35775 11
35839 12
35840 3
35848 4
35852 5
35854 6
35855 7
35968 4
35976 5
35980 6
35982 7
35983 8
36032 5
36040 6
36044 7
36045 8
36046 8
36047 9
36061 9
36063 10
36064 6
36072 7
36076 8
36078 9
36079 10
36080 7
36088 8
36092 9
36094 10
36095 11
36317 10
36319 11
36351 12
36352 4
36360 5
36364 6
36366 7
36367 8
36480 5
36488 6
36492 7
36494 8
36495 9
36544 6
36552 7
36556 8
36558 9
36559 10
36576 7
36584 8
36588 9
36590 10
36591 11
36592 8
36600 9
36604 10
36606 11
36607 12
36608 5
36616 6
36620 7
36622 8
36623 9
36736 6
36744 7
36748 8
36750 9
36751 10
36800 7
36808 8
36812 9
36814 10
36815 11
36832 8
36840 9
36844 10
36846 11
36847 12
36848 9
36856 10
36860 11
36862 12
36863 13
36864 2
37120 3
37136 4
37137 5
38912 3
39040 4
39048 5
39168 4
39184 5
39185 6
39296 5
39304 6
39312 6
39313 7
39320 7
39321 8
39323 9
39325 9
39327 10
39355 10
39359 11
39389 10
39391 11
39423 12
39867 11
39871 12
39935 13
40413 11
40415 12
40447 13
40959 14
40960 2
41472 3
41504 4
41506 5
43008 3
43136 4
43144 5
43520 4
43552 5
43554 6
43648 5
43656 6
43680 6
43682 7
43688 7
43690 8
43691 9
43694 9
43695 10
43707 10
43711 11
43758 10
43759 11
43775 12
43963 11
43967 12
44031 13
44782 11
44783 12
44799 13
45055 14
45056 3
45312 4
45328 5
45329 6
45568 4
45600 5
45602 6
45824 5
45840 6
45841 7
45856 6
45858 7
45872 7
45873 8
45874 8
45875 9
47104 4
47232 5
47240 6
47360 5
47376 6
47377 7
47488 6
47496 7
47504 7
47505 8
47512 8
47513 9
47616 5
47648 6
47650 7
47744 6
47752 7
47776 7
47778 8
47784 8
47786 9
47872 6
47888 7
47889 8
47904 7
47906 8
47920 8
47921 9
47922 9
47923 10
48000 7
48008 8
48016 8
48017 9
48024 9
48025 10
48032 8
48034 9
48040 9
48042 10
48048 9
48049 10
48050 10
48051 11
48056 10
48057 11
48058 11
48059 12
48063 13
48127 14
49151 15
49152 2
49160 3
49164 4
49166 5
49167 6
49280 3
49288 4
49292 5
49294 6
49295 7
49344 4
49352 5
49356 6
49358 7
49359 8
49376 5
49384 6
49388 7
49390 8
49391 9
49392 6
49400 7
49404 8
49406 9
49407 10
50176 3
50240 4
50244 5
51200 3
51208 4
51212 5
51214 6
51215 7
51328 4
51336 5
51340 6
51342 7
51343 8
51392 5
51400 6
51404 7
51406 8
51407 9
51424 6
51432 7
51436 8
51438 9
51439 10
51440 7
51448 8
51452 9
51454 10
51455 11
52224 4
52232 5
52236 6
52238 7
52239 8
52288 5
52292 6
52352 5
52360 6
52364 7
52366 8
52367 9
52416 6
52420 7
52424 7
52428 8
52429 9
52430 9
52431 10
52445 10
52447 11
52448 7
52456 8
52460 9
52462 10
52463 11
52464 8
52472 9
52476 10
52478 11
52479 12
52701 11
52703 12
52735 13
52736 5
52744 6
52748 7
52750 8
52751 9
52864 6
52872 7
52876 8
52878 9
52879 10
52928 7
52936 8
52940 9
52942 10
52943 11
52960 8
52968 9
52972 10
52974 11
52975 12
52976 9
52984 10
52988 11
52990 12
52991 13
52992 6
53000 7
53004 8
53006 9
53007 10
53120 7
53128 8
53132 9
53134 10
53135 11
53184 8
53192 9
53196 10
53198 11
53199 12
53216 9
53224 10
53228 11
53230 12
53231 13
53232 10
53240 11
53244 12
53246 13
53247 14
53248 3
53504 4
53520 5
53521 6
54272 4
54336 5
54340 6
54528 5
54544 6
54545 7
54592 6
54596 7
54608 7
54609 8
54612 8
54613 9
55296 4
55424 5
55432 6
55552 5
55568 6
55569 7
55680 6
55688 7
55696 7
55697 8
55704 8
55705 9
56320 5
56384 6
56388 7
56448 6
56456 7
56512 7
56516 8
56520 8
56524 9
56576 6
56592 7
56593 8
56640 7
56644 8
56656 8
56657 9
56660 9
56661 10
56704 7
56712 8
56720 8
56721 9
56728 9
56729 10
56768 8
56772 9
56776 9
56780 10
56784 9
56785 10
56788 10
56789 11
56792 10
56793 11
56796 11
56797 12
56799 13
56831 14
57343 15
57344 3
57352 4
57356 5
57358 6
57359 7
57472 4
57480 5
57484 6
57486 7
57487 8
57536 5
57544 6
57548 7
57550 8
57551 9
57568 6
57576 7
57580 8
57582 9
57583 10
57584 7
57592 8
57596 9
57598 10
57599 11
57856 4
57888 5
57890 6
58368 4
58432 5
58436 6
58880 5
58912 6
58914 7
58944 6
58948 7
58976 7
58978 8
58980 8
58982 9
59392 4
59400 5
59404 6
59406 7
59407 8
59520 5
59528 6
59532 7
59534 8
59535 9
59584 6
59592 7
59596 8
59598 9
59599 10
59616 7
59624 8
59628 9
59630 10
59631 11
59632 8
59640 9
59644 10
59646 11
59647 12
59904 5
59936 6
59938 7
60032 6
60040 7
60064 7
60066 8
60072 8
60074 9
60416 5
60424 6
60428 7
60430 8
60431 9
60480 6
60484 7
60544 6
60552 7
60556 8
60558 9
60559 10
60608 7
60612 8
60616 8
60620 9
60622 10
60623 11
60640 8
60648 9
60652 10
60654 11
60655 12
60656 9
60664 10
60668 11
60670 12
60671 13
60928 6
60936 7
60940 8
60942 9
60943 10
60960 7
60962 8
60992 7
60996 8
61024 8
61026 9
61028 9
61030 10
61056 7
61064 8
61068 9
61070 10
61071 11
61088 8
61090 9
61096 9
61098 10
61120 8
61124 9
61128 9
61132 10
61134 11
61135 12
61152 9
61154 10
61156 10
61158 11
61160 10
61162 11
61164 11
61166 12
61167 13
61168 10
61176 11
61180 12
61182 13
61183 14
61184 7
61192 8
61196 9
61198 10
61199 11
61312 8
61320 9
61324 10
61326 11
61327 12
61376 9
61384 10
61388 11
61390 12
61391 13
61408 10
61416 11
61420 12
61422 13
61423 14
61424 11
61432 12
61436 13
61438 14
61439 15
61440 4
61441 5
61443 6
61447 7
61448 5
61452 6
61454 7
61455 8
61456 5
61457 6
61459 7
61463 8
61471 9
61488 6
61489 7
61491 8
61495 9
61503 10
61552 7
61553 8
61555 9
61559 10
61567 11
61568 5
61576 6
61580 7
61582 8
61583 9
61632 6
61640 7
61644 8
61646 9
61647 10
61664 7
61672 8
61676 9
61678 10
61679 11
61680 8
61681 9
61683 10
61687 11
61688 9
61692 10
61694 11
61695 12
61696 5
61697 6
61699 7
61703 8
61711 9
61712 6
61713 7
61715 8
61719 9
61727 10
61744 7
61745 8
61747 9
61751 10
61759 11
61808 8
61809 9
61811 10
61815 11
61823 12
61936 9
61937 10
61939 11
61943 12
61951 13
61952 5
61984 6
61986 7
62208 6
62209 7
62211 8
62215 9
62223 10
62224 7
62225 8
62227 9
62231 10
62239 11
62240 7
62242 8
62256 8
62257 9
62258 9
62259 10
62263 11
62271 12
62320 9
62321 10
62323 11
62327 12
62335 13
62448 10
62449 11
62451 12
62455 13
62463 14
62464 5
62528 6
62532 7
62720 6
62736 7
62737 8
62784 7
62788 8
62800 8
62801 9
62804 9
62805 10
62976 6
63008 7
63010 8
63040 7
63044 8
63072 8
63074 9
63076 9
63078 10
63232 7
63233 8
63235 9
63239 10
63247 11
63248 8
63249 9
63251 10
63255 11
63263 12
63264 8
63266 9
63280 9
63281 10
63282 10
63283 11
63287 12
63295 13
63296 8
63300 9
63312 9
63313 10
63316 10
63317 11
63328 9
63330 10
63332 10
63334 11
63344 10
63345 11
63346 11
63347 12
63348 11
63349 12
63350 12
63351 13
63359 14
63472 11
63473 12
63475 13
63479 14
63487 15
63488 5
63496 6
63500 7
63502 8
63503 9
63616 6
63624 7
63628 8
63630 9
63631 10
63680 7
63688 8
63692 9
63694 10
63695 11
63712 8
63720 9
63724 10
63726 11
63727 12
63728 9
63736 10
63740 11
63742 12
63743 13
63744 6
63760 7
63761 8
63872 7
63880 8
63888 8
63889 9
63896 9
63897 10
64000 6
64032 7
64034 8
64128 7
64136 8
64160 8
64162 9
64168 9
64170 10
64256 7
64272 8
64273 9
64288 8
64290 9
64304 9
64305 10
64306 10
64307 11
64384 8
64392 9
64400 9
64401 10
64408 10
64409 11
64416 9
64418 10
64424 10
64426 11
64432 10
64433 11
64434 11
64435 12
64440 11
64441 12
64442 12
64443 13
64512 6
64520 7
64524 8
64526 9
64527 10
64576 7
64580 8
64640 7
64648 8
64652 9
64654 10
64655 11
64704 8
64708 9
64712 9
64716 10
64718 11
64719 12
64736 9
64744 10
64748 11
64750 12
64751 13
64752 10
64760 11
64764 12
64766 13
64767 14
64768 7
64784 8
64785 9
64832 8
64836 9
64848 9
64849 10
64852 10
64853 11
64896 8
64904 9
64912 9
64913 10
64920 10
64921 11
64960 9
64964 10
64968 10
64972 11
64976 10
64977 11
64980 11
64981 12
64984 11
64985 12
64988 12
64989 13
65024 7
65032 8
65036 9
65038 10
65039 11
65056 8
65058 9
65088 8
65092 9
65120 9
65122 10
65124 10
65126 11
65152 8
65160 9
65164 10
65166 11
65167 12
65184 9
65186 10
65192 10
65194 11
65216 9
65220 10
65224 10
65228 11
65230 12
65231 13
65248 10
65250 11
65252 11
65254 12
65256 11
65258 12
65260 12
65262 13
65263 14
65264 11
65272 12
65276 13
65278 14
65279 15
65280 8
65281 9
65283 10
65287 11
65288 9
65292 10
65294 11
65295 12
65296 9
65297 10
65299 11
65303 12
65311 13
65312 9
65314 10
65328 10
65329 11
65330 11
65331 12
65335 13
65343 14
65344 9
65348 10
65360 10
65361 11
65364 11
65365 12
65376 10
65378 11
65380 11
65382 12
65392 11
65393 12
65394 12
65395 13
65396 12
65397 13
65398 13
65399 14
65407 15
65408 9
65416 10
65420 11
65422 12
65423 13
65424 10
65425 11
65432 11
65433 12
65440 10
65442 11
65448 11
65450 12
65456 11
65457 12
65458 12
65459 13
65464 12
65465 13
65466 13
65467 14
65472 10
65476 11
65480 11
65484 12
65486 13
65487 14
65488 11
65489 12
65492 12
65493 13
65496 12
65497 13
65500 13
65501 14
65504 11
65506 12
65508 12
65510 13
65512 12
65514 13
65516 13
65518 14
65519 15
65520 12
65521 13
65522 13
65523 14
65524 13
65525 14
65526 14
65527 15
65528 13
65529 14
65530 14
65531 15
65532 14
65533 15
65534 15
65535 16
