1 1
3 2
7 3
15 4
16 1
17 2
19 3
23 4
31 5
48 2
49 3
51 4
55 5
63 6
112 3
113 4
115 5
119 6
127 7
240 4
241 5
243 6
247 7
255 8
256 1
272 2
273 3
275 4
279 5
287 6
304 3
305 4
307 5
311 6
319 7
368 4
369 5
371 6
375 7
383 8
496 5
497 6
499 7
503 8
511 9
768 2
784 3
785 4
787 5
791 6
799 7
816 4
817 5
819 6
823 7
831 8
880 5
881 6
883 7
887 8
895 9
1008 6
1009 7
1011 8
1015 9
1023 10
1792 3
1808 4
1809 5
1811 6
1815 7
1823 8
1840 5
1841 6
1843 7
1847 8
1855 9
1904 6
1905 7
1907 8
1911 9
1919 10
2032 7
2033 8
2035 9
2039 10
2047 11
3840 4
3856 5
3857 6
3859 7
3863 8
3871 9
3888 6
3889 7
3891 8
3895 9
3903 10
3952 7
3953 8
3955 9
3959 10
3967 11
4080 8
4081 9
4083 10
4087 11
4095 12
4096 1
4352 2
4368 3
4369 4
4371 5
4375 6
4383 7
4400 4
4401 5
4403 6
4407 7
4415 8
4464 5
4465 6
4467 7
4471 8
4479 9
4592 6
4593 7
4595 8
4599 9
4607 10
4864 3
4880 4
4881 5
4883 6
4887 7
4895 8
4912 5
4913 6
4915 7
4919 8
4927 9
4976 6
4977 7
4979 8
4983 9
4991 10
5104 7
5105 8
5107 9
5111 10
5119 11
5888 4
5904 5
5905 6
5907 7
5911 8
5919 9
5936 6
5937 7
5939 8
5943 9
5951 10
6000 7
6001 8
6003 9
6007 10
6015 11
6128 8
6129 9
6131 10
6135 11
6143 12
7936 5
7952 6
7953 7
7955 8
7959 9
7967 10
7984 7
7985 8
7987 9
7991 10
7999 11
8048 8
8049 9
8051 10
8055 11
8063 12
8176 9
8177 10
8179 11
8183 12
8191 13
12288 2
12544 3
12560 4
12561 5
12563 6
12567 7
12575 8
12592 5
12593 6
12595 7
12599 8
12607 9
12656 6
12657 7
12659 8
12663 9
12671 10
12784 7
12785 8
12787 9
12791 10
12799 11
13056 4
13072 5
13073 6
13075 7
13079 8
13087 9
13104 6
13105 7
13107 8
13111 9
13119 10
13168 7
13169 8
13171 9
13175 10
13183 11
13296 8
13297 9
13299 10
13303 11
13311 12
14080 5
14096 6
14097 7
14099 8
14103 9
14111 10
14128 7
14129 8
14131 9
14135 10
14143 11
14192 8
14193 9
14195 10
14199 11
14207 12
14320 9
14321 10
14323 11
14327 12
14335 13
16128 6
16144 7
16145 8
16147 9
16151 10
16159 11
16176 8
16177 9
16179 10
16183 11
16191 12
16240 9
16241 10
16243 11
16247 12
16255 13
16368 10
16369 11
16371 12
16375 13
16383 14
28672 3
28928 4
28944 5
28945 6
28947 7
28951 8
28959 9
28976 6
28977 7
28979 8
28983 9
28991 10
29040 7
29041 8
29043 9
29047 10
29055 11
29168 8
29169 9
29171 10
29175 11
29183 12
29440 5
29456 6
29457 7
29459 8
29463 9
29471 10
29488 7
29489 8
29491 9
29495 10
29503 11
29552 8
29553 9
29555 10
29559 11
29567 12
29680 9
29681 10
29683 11
29687 12
29695 13
30464 6
30480 7
30481 8
30483 9
30487 10
30495 11
30512 8
30513 9
30515 10
30519 11
30527 12
30576 9
30577 10
30579 11
30583 12
30591 13
30704 10
30705 11
30707 12
30711 13
30719 14
32512 7
32528 8
32529 9
32531 10
32535 11
32543 12
32560 9
32561 10
32563 11
32567 12
32575 13
32624 10
32625 11
32627 12
32631 13
32639 14
32752 11
32753 12
32755 13
32759 14
32767 15
61440 4
61696 5
61712 6
61713 7
61715 8
61719 9
61727 10
61744 7
61745 8
61747 9
61751 10
61759 11
61808 8
61809 9
61811 10
61815 11
61823 12
61936 9
61937 10
61939 11
61943 12
61951 13
62208 6
62224 7
62225 8
62227 9
62231 10
62239 11
62256 8
62257 9
62259 10
62263 11
62271 12
62320 9
62321 10
62323 11
62327 12
62335 13
62448 10
62449 11
62451 12
62455 13
62463 14
63232 7
63248 8
63249 9
63251 10
63255 11
63263 12
63280 9
63281 10
63283 11
63287 12
63295 13
63344 10
63345 11
63347 12
63351 13
63359 14
63472 11
63473 12
63475 13
63479 14
63487 15
65280 8
65296 9
65297 10
65299 11
65303 12
65311 13
65328 10
65329 11
65331 12
65335 13
65343 14
65392 11
65393 12
65395 13
65399 14
65407 15
65520 12
65521 13
65523 14
65527 15
65535 16
