0 0
8 1
12 2
14 3
15 4
128 1
136 2
140 3
142 4
143 5
192 2
200 3
204 4
206 5
207 6
224 3
232 4
236 5
238 6
239 7
240 4
248 5
252 6
254 7
255 8
2048 1
2056 2
2060 3
2062 4
2063 5
2176 2
2184 3
2188 4
2190 5
2191 6
2240 3
2248 4
2252 5
2254 6
2255 7
2272 4
2280 5
2284 6
2286 7
2287 8
2288 5
2296 6
2300 7
2302 8
2303 9
3072 2
3080 3
3084 4
3086 5
3087 6
3200 3
3208 4
3212 5
3214 6
3215 7
3264 4
3272 5
3276 6
3278 7
3279 8
3296 5
3304 6
3308 7
3310 8
3311 9
3312 6
3320 7
3324 8
3326 9
3327 10
3584 3
3592 4
3596 5
3598 6
3599 7
3712 4
3720 5
3724 6
3726 7
3727 8
3776 5
3784 6
3788 7
3790 8
3791 9
3808 6
3816 7
3820 8
3822 9
3823 10
3824 7
3832 8
3836 9
3838 10
3839 11
3840 4
3848 5
3852 6
3854 7
3855 8
3968 5
3976 6
3980 7
3982 8
3983 9
4032 6
4040 7
4044 8
4046 9
4047 10
4064 7
4072 8
4076 9
4078 10
4079 11
4080 8
4088 9
4092 10
4094 11
4095 12
32768 1
32776 2
32780 3
32782 4
32783 5
32896 2
32904 3
32908 4
32910 5
32911 6
32960 3
32968 4
32972 5
32974 6
32975 7
32992 4
33000 5
33004 6
33006 7
33007 8
33008 5
33016 6
33020 7
33022 8
33023 9
34816 2
34824 3
34828 4
34830 5
34831 6
34944 3
34952 4
34956 5
34958 6
34959 7
35008 4
35016 5
35020 6
35022 7
35023 8
35040 5
35048 6
35052 7
35054 8
35055 9
35056 6
35064 7
35068 8
35070 9
35071 10
35840 3
35848 4
35852 5
35854 6
35855 7
35968 4
35976 5
35980 6
35982 7
35983 8
36032 5
36040 6
36044 7
36046 8
36047 9
36064 6
36072 7
36076 8
36078 9
36079 10
36080 7
36088 8
36092 9
36094 10
36095 11
36352 4
36360 5
36364 6
36366 7
36367 8
36480 5
36488 6
36492 7
36494 8
36495 9
36544 6
36552 7
36556 8
36558 9
36559 10
36576 7
36584 8
36588 9
36590 10
36591 11
36592 8
36600 9
36604 10
36606 11
36607 12
36608 5
36616 6
36620 7
36622 8
36623 9
36736 6
36744 7
36748 8
36750 9
36751 10
36800 7
36808 8
36812 9
36814 10
36815 11
36832 8
36840 9
36844 10
36846 11
36847 12
36848 9
36856 10
36860 11
36862 12
36863 13
49152 2
49160 3
49164 4
49166 5
49167 6
49280 3
49288 4
49292 5
49294 6
49295 7
49344 4
49352 5
49356 6
49358 7
49359 8
49376 5
49384 6
49388 7
49390 8
49391 9
49392 6
49400 7
49404 8
49406 9
49407 10
51200 3
51208 4
51212 5
51214 6
51215 7
51328 4
51336 5
51340 6
51342 7
51343 8
51392 5
51400 6
51404 7
51406 8
51407 9
51424 6
51432 7
51436 8
51438 9
51439 10
51440 7
51448 8
51452 9
51454 10
51455 11
52224 4
52232 5
52236 6
52238 7
52239 8
52352 5
52360 6
52364 7
52366 8
52367 9
52416 6
52424 7
52428 8
52430 9
52431 10
52448 7
52456 8
52460 9
52462 10
52463 11
52464 8
52472 9
52476 10
52478 11
52479 12
52736 5
52744 6
52748 7
52750 8
52751 9
52864 6
52872 7
52876 8
52878 9
52879 10
52928 7
52936 8
52940 9
52942 10
52943 11
52960 8
52968 9
52972 10
52974 11
52975 12
52976 9
52984 10
52988 11
52990 12
52991 13
52992 6
53000 7
53004 8
53006 9
53007 10
53120 7
53128 8
53132 9
53134 10
53135 11
53184 8
53192 9
53196 10
53198 11
53199 12
53216 9
53224 10
53228 11
53230 12
53231 13
53232 10
53240 11
53244 12
53246 13
53247 14
57344 3
57352 4
57356 5
57358 6
57359 7
57472 4
57480 5
57484 6
57486 7
57487 8
57536 5
57544 6
57548 7
57550 8
57551 9
57568 6
57576 7
57580 8
57582 9
57583 10
57584 7
57592 8
57596 9
57598 10
57599 11
59392 4
59400 5
59404 6
59406 7
59407 8
59520 5
59528 6
59532 7
59534 8
59535 9
59584 6
59592 7
59596 8
59598 9
59599 10
59616 7
59624 8
59628 9
59630 10
59631 11
59632 8
59640 9
59644 10
59646 11
59647 12
60416 5
60424 6
60428 7
60430 8
60431 9
60544 6
60552 7
60556 8
60558 9
60559 10
60608 7
60616 8
60620 9
60622 10
60623 11
60640 8
60648 9
60652 10
60654 11
60655 12
60656 9
60664 10
60668 11
60670 12
60671 13
60928 6
60936 7
60940 8
60942 9
60943 10
61056 7
61064 8
61068 9
61070 10
61071 11
61120 8
61128 9
61132 10
61134 11
61135 12
61152 9
61160 10
61164 11
61166 12
61167 13
61168 10
61176 11
61180 12
61182 13
61183 14
61184 7
61192 8
61196 9
61198 10
61199 11
61312 8
61320 9
61324 10
61326 11
61327 12
61376 9
61384 10
61388 11
61390 12
61391 13
61408 10
61416 11
61420 12
61422 13
61423 14
61424 11
61432 12
61436 13
61438 14
61439 15
61440 4
61448 5
61452 6
61454 7
61455 8
61568 5
61576 6
61580 7
61582 8
61583 9
61632 6
61640 7
61644 8
61646 9
61647 10
61664 7
61672 8
61676 9
61678 10
61679 11
61680 8
61688 9
61692 10
61694 11
61695 12
63488 5
63496 6
63500 7
63502 8
63503 9
63616 6
63624 7
63628 8
63630 9
63631 10
63680 7
63688 8
63692 9
63694 10
63695 11
63712 8
63720 9
63724 10
63726 11
63727 12
63728 9
63736 10
63740 11
63742 12
63743 13
64512 6
64520 7
64524 8
64526 9
64527 10
64640 7
64648 8
64652 9
64654 10
64655 11
64704 8
64712 9
64716 10
64718 11
64719 12
64736 9
64744 10
64748 11
64750 12
64751 13
64752 10
64760 11
64764 12
64766 13
64767 14
65024 7
65032 8
65036 9
65038 10
65039 11
65152 8
65160 9
65164 10
65166 11
65167 12
65216 9
65224 10
65228 11
65230 12
65231 13
65248 10
65256 11
65260 12
65262 13
65263 14
65264 11
65272 12
65276 13
65278 14
65279 15
65280 8
65288 9
65292 10
65294 11
65295 12
65408 9
65416 10
65420 11
65422 12
65423 13
65472 10
65480 11
65484 12
65486 13
65487 14
65504 11
65512 12
65516 13
65518 14
65519 15
65520 12
65528 13
65532 14
65534 15
65535 16
