0
1
2
3
4
5
6
7
8
9
10
11
12
13
14
15
17
19
21
23
25
27
29
31
34
35
38
39
42
43
46
47
51
55
59
63
68
69
70
71
76
77
78
79
85
87
93
95
102
103
110
111
119
127
136
137
138
139
140
141
142
143
153
155
157
159
170
171
174
175
187
191
204
205
206
207
221
223
238
239
255
273
275
277
279
281
283
285
287
307
311
315
319
341
343
349
351
375
383
409
411
413
415
443
447
477
479
511
546
547
550
551
554
555
558
559
563
567
571
575
614
615
622
623
631
639
682
683
686
687
699
703
750
751
767
819
823
827
831
887
895
955
959
1023
1092
1093
1094
1095
1100
1101
1102
1103
1109
1111
1117
1119
1126
1127
1134
1135
1143
1151
1228
1229
1230
1231
1245
1247
1262
1263
1279
1365
1367
1373
1375
1399
1407
1501
1503
1535
1638
1639
1646
1647
1655
1663
1774
1775
1791
1911
1919
2047
2184
2185
2186
2187
2188
2189
2190
2191
2201
2203
2205
2207
2218
2219
2222
2223
2235
2239
2252
2253
2254
2255
2269
2271
2286
2287
2303
2457
2459
2461
2463
2491
2495
2525
2527
2559
2730
2731
2734
2735
2747
2751
2798
2799
2815
3003
3007
3071
3276
3277
3278
3279
3293
3295
3310
3311
3327
3549
3551
3583
3822
3823
3839
4095
4369
4371
4373
4375
4377
4379
4381
4383
4403
4407
4411
4415
4437
4439
4445
4447
4471
4479
4505
4507
4509
4511
4539
4543
4573
4575
4607
4915
4919
4923
4927
4983
4991
5051
5055
5119
5461
5463
5469
5471
5495
5503
5597
5599
5631
6007
6015
6143
6553
6555
6557
6559
6587
6591
6621
6623
6655
7099
7103
7167
7645
7647
7679
8191
8738
8739
8742
8743
8746
8747
8750
8751
8755
8759
8763
8767
8806
8807
8814
8815
8823
8831
8874
8875
8878
8879
8891
8895
8942
8943
8959
9011
9015
9019
9023
9079
9087
9147
9151
9215
9830
9831
9838
9839
9847
9855
9966
9967
9983
10103
10111
10239
10922
10923
10926
10927
10939
10943
10990
10991
11007
11195
11199
11263
12014
12015
12031
12287
13107
13111
13115
13119
13175
13183
13243
13247
13311
14199
14207
14335
15291
15295
15359
16383
17476
17477
17478
17479
17484
17485
17486
17487
17493
17495
17501
17503
17510
17511
17518
17519
17527
17535
17612
17613
17614
17615
17629
17631
17646
17647
17663
17749
17751
17757
17759
17783
17791
17885
17887
17919
18022
18023
18030
18031
18039
18047
18158
18159
18175
18295
18303
18431
19660
19661
19662
19663
19677
19679
19694
19695
19711
19933
19935
19967
20206
20207
20223
20479
21845
21847
21853
21855
21879
21887
21981
21983
22015
22391
22399
22527
24029
24031
24063
24575
26214
26215
26222
26223
26231
26239
26350
26351
26367
26487
26495
26623
28398
28399
28415
28671
30583
30591
30719
32767
34952
34953
34954
34955
34956
34957
34958
34959
34969
34971
34973
34975
34986
34987
34990
34991
35003
35007
35020
35021
35022
35023
35037
35039
35054
35055
35071
35225
35227
35229
35231
35259
35263
35293
35295
35327
35498
35499
35502
35503
35515
35519
35566
35567
35583
35771
35775
35839
36044
36045
36046
36047
36061
36063
36078
36079
36095
36317
36319
36351
36590
36591
36607
36863
39321
39323
39325
39327
39355
39359
39389
39391
39423
39867
39871
39935
40413
40415
40447
40959
43690
43691
43694
43695
43707
43711
43758
43759
43775
43963
43967
44031
44782
44783
44799
45055
48059
48063
48127
49151
52428
52429
52430
52431
52445
52447
52462
52463
52479
52701
52703
52735
52974
52975
52991
53247
56797
56799
56831
57343
61166
61167
61183
61439
65535
