0 1 2 3 + 4
0 1 2 3 + 5
0 1 2 3 + 6
0 1 2 3 + 7
0 1 2 3 + 8
0 1 2 3 + 9
0 1 2 3 + 10
0 1 2 3 + 11
0 1 2 3 + 12
0 1 2 3 + 13
0 1 2 3 + 14
0 1 2 3 + 15
0 1 2 4 + 3
0 1 2 4 + 5
0 1 2 4 + 6
0 1 2 4 + 7
0 1 2 4 + 8
0 1 2 4 + 9
0 1 2 4 + 10
0 1 2 4 + 11
0 1 2 4 + 12
0 1 2 4 + 13
0 1 2 4 + 14
0 1 2 4 + 15
0 1 3 4 + 2
0 1 3 4 + 5
0 1 3 4 + 6
0 1 3 4 + 7
0 1 3 4 + 8
0 1 3 4 + 9
0 1 3 4 + 10
0 1 3 4 + 11
0 1 3 4 + 12
0 1 3 4 + 13
0 1 3 4 + 14
0 1 3 4 + 15
0 2 3 4 + 1
0 2 3 4 + 5
0 2 3 4 + 6
0 2 3 4 + 7
0 2 3 4 + 8
0 2 3 4 + 9
0 2 3 4 + 10
0 2 3 4 + 11
0 2 3 4 + 12
0 2 3 4 + 13
0 2 3 4 + 14
0 2 3 4 + 15
0 1 2 5 + 3
0 1 2 5 + 4
0 1 2 5 + 6
0 1 2 5 + 7
0 1 2 5 + 8
0 1 2 5 + 9
0 1 2 5 + 10
0 1 2 5 + 11
0 1 2 5 + 12
0 1 2 5 + 13
0 1 2 5 + 14
0 1 2 5 + 15
0 1 3 5 + 2
0 1 3 5 + 4
0 1 3 5 + 6
0 1 3 5 + 7
0 1 3 5 + 8
0 1 3 5 + 9
0 1 3 5 + 10
0 1 3 5 + 11
0 1 3 5 + 12
0 1 3 5 + 13
0 1 3 5 + 14
0 1 3 5 + 15
1 2 3 5 + 0
1 2 3 5 + 4
1 2 3 5 + 6
1 2 3 5 + 7
1 2 3 5 + 8
1 2 3 5 + 9
1 2 3 5 + 10
1 2 3 5 + 11
1 2 3 5 + 12
1 2 3 5 + 13
1 2 3 5 + 14
1 2 3 5 + 15
0 1 4 5 + 2
0 1 4 5 + 3
0 1 4 5 + 6
0 1 4 5 + 7
0 1 4 5 + 8
0 1 4 5 + 9
0 1 4 5 + 10
0 1 4 5 + 11
0 1 4 5 + 12
0 1 4 5 + 13
0 1 4 5 + 14
0 1 4 5 + 15
0 1 2 6 + 3
0 1 2 6 + 4
0 1 2 6 + 5
0 1 2 6 + 7
0 1 2 6 + 8
0 1 2 6 + 9
0 1 2 6 + 10
0 1 2 6 + 11
0 1 2 6 + 12
0 1 2 6 + 13
0 1 2 6 + 14
0 1 2 6 + 15
0 2 3 6 + 1
0 2 3 6 + 4
0 2 3 6 + 5
0 2 3 6 + 7
0 2 3 6 + 8
0 2 3 6 + 9
0 2 3 6 + 10
0 2 3 6 + 11
0 2 3 6 + 12
0 2 3 6 + 13
0 2 3 6 + 14
0 2 3 6 + 15
1 2 3 6 + 0
1 2 3 6 + 4
1 2 3 6 + 5
1 2 3 6 + 7
1 2 3 6 + 8
1 2 3 6 + 9
1 2 3 6 + 10
1 2 3 6 + 11
1 2 3 6 + 12
1 2 3 6 + 13
1 2 3 6 + 14
1 2 3 6 + 15
0 2 4 6 + 1
0 2 4 6 + 3
0 2 4 6 + 5
0 2 4 6 + 7
0 2 4 6 + 8
0 2 4 6 + 9
0 2 4 6 + 10
0 2 4 6 + 11
0 2 4 6 + 12
0 2 4 6 + 13
0 2 4 6 + 14
0 2 4 6 + 15
1 2 5 6 + 0
1 2 5 6 + 3
1 2 5 6 + 4
1 2 5 6 + 7
1 2 5 6 + 8
1 2 5 6 + 9
1 2 5 6 + 10
1 2 5 6 + 11
1 2 5 6 + 12
1 2 5 6 + 13
1 2 5 6 + 14
1 2 5 6 + 15
0 4 5 6 + 1
0 4 5 6 + 2
0 4 5 6 + 3
0 4 5 6 + 7
0 4 5 6 + 8
0 4 5 6 + 9
0 4 5 6 + 10
0 4 5 6 + 11
0 4 5 6 + 12
0 4 5 6 + 13
0 4 5 6 + 14
0 4 5 6 + 15
0 1 3 7 + 2
0 1 3 7 + 4
0 1 3 7 + 5
0 1 3 7 + 6
0 1 3 7 + 8
0 1 3 7 + 9
0 1 3 7 + 10
0 1 3 7 + 11
0 1 3 7 + 12
0 1 3 7 + 13
0 1 3 7 + 14
0 1 3 7 + 15
0 2 3 7 + 1
0 2 3 7 + 4
0 2 3 7 + 5
0 2 3 7 + 6
0 2 3 7 + 8
0 2 3 7 + 9
0 2 3 7 + 10
0 2 3 7 + 11
0 2 3 7 + 12
0 2 3 7 + 13
0 2 3 7 + 14
0 2 3 7 + 15
1 2 3 7 + 0
1 2 3 7 + 4
1 2 3 7 + 5
1 2 3 7 + 6
1 2 3 7 + 8
1 2 3 7 + 9
1 2 3 7 + 10
1 2 3 7 + 11
1 2 3 7 + 12
1 2 3 7 + 13
1 2 3 7 + 14
1 2 3 7 + 15
0 3 4 7 + 1
0 3 4 7 + 2
0 3 4 7 + 5
0 3 4 7 + 6
0 3 4 7 + 8
0 3 4 7 + 9
0 3 4 7 + 10
0 3 4 7 + 11
0 3 4 7 + 12
0 3 4 7 + 13
0 3 4 7 + 14
0 3 4 7 + 15
1 3 5 7 + 0
1 3 5 7 + 2
1 3 5 7 + 4
1 3 5 7 + 6
1 3 5 7 + 8
1 3 5 7 + 9
1 3 5 7 + 10
1 3 5 7 + 11
1 3 5 7 + 12
1 3 5 7 + 13
1 3 5 7 + 14
1 3 5 7 + 15
2 3 6 7 + 0
2 3 6 7 + 1
2 3 6 7 + 4
2 3 6 7 + 5
2 3 6 7 + 8
2 3 6 7 + 9
2 3 6 7 + 10
2 3 6 7 + 11
2 3 6 7 + 12
2 3 6 7 + 13
2 3 6 7 + 14
2 3 6 7 + 15
3 5 6 7 + 0
3 5 6 7 + 1
3 5 6 7 + 2
3 5 6 7 + 4
3 5 6 7 + 8
3 5 6 7 + 9
3 5 6 7 + 10
3 5 6 7 + 11
3 5 6 7 + 12
3 5 6 7 + 13
3 5 6 7 + 14
3 5 6 7 + 15
4 5 6 7 + 0
4 5 6 7 + 1
4 5 6 7 + 2
4 5 6 7 + 3
4 5 6 7 + 8
4 5 6 7 + 9
4 5 6 7 + 10
4 5 6 7 + 11
4 5 6 7 + 12
4 5 6 7 + 13
4 5 6 7 + 14
4 5 6 7 + 15
0 1 2 8 + 3
0 1 2 8 + 4
0 1 2 8 + 5
0 1 2 8 + 6
0 1 2 8 + 7
0 1 2 8 + 9
0 1 2 8 + 10
0 1 2 8 + 11
0 1 2 8 + 12
0 1 2 8 + 13
0 1 2 8 + 14
0 1 2 8 + 15
0 1 4 8 + 2
0 1 4 8 + 3
0 1 4 8 + 5
0 1 4 8 + 6
0 1 4 8 + 7
0 1 4 8 + 9
0 1 4 8 + 10
0 1 4 8 + 11
0 1 4 8 + 12
0 1 4 8 + 13
0 1 4 8 + 14
0 1 4 8 + 15
0 2 4 8 + 1
0 2 4 8 + 3
0 2 4 8 + 5
0 2 4 8 + 6
0 2 4 8 + 7
0 2 4 8 + 9
0 2 4 8 + 10
0 2 4 8 + 11
0 2 4 8 + 12
0 2 4 8 + 13
0 2 4 8 + 14
0 2 4 8 + 15
0 3 4 8 + 1
0 3 4 8 + 2
0 3 4 8 + 5
0 3 4 8 + 6
0 3 4 8 + 7
0 3 4 8 + 9
0 3 4 8 + 10
0 3 4 8 + 11
0 3 4 8 + 12
0 3 4 8 + 13
0 3 4 8 + 14
0 3 4 8 + 15
0 4 5 8 + 1
0 4 5 8 + 2
0 4 5 8 + 3
0 4 5 8 + 6
0 4 5 8 + 7
0 4 5 8 + 9
0 4 5 8 + 10
0 4 5 8 + 11
0 4 5 8 + 12
0 4 5 8 + 13
0 4 5 8 + 14
0 4 5 8 + 15
4 5 6 8 + 0
4 5 6 8 + 1
4 5 6 8 + 2
4 5 6 8 + 3
4 5 6 8 + 7
4 5 6 8 + 9
4 5 6 8 + 10
4 5 6 8 + 11
4 5 6 8 + 12
4 5 6 8 + 13
4 5 6 8 + 14
4 5 6 8 + 15
0 1 5 9 + 2
0 1 5 9 + 3
0 1 5 9 + 4
0 1 5 9 + 6
0 1 5 9 + 7
0 1 5 9 + 8
0 1 5 9 + 10
0 1 5 9 + 11
0 1 5 9 + 12
0 1 5 9 + 13
0 1 5 9 + 14
0 1 5 9 + 15
1 2 5 9 + 0
1 2 5 9 + 3
1 2 5 9 + 4
1 2 5 9 + 6
1 2 5 9 + 7
1 2 5 9 + 8
1 2 5 9 + 10
1 2 5 9 + 11
1 2 5 9 + 12
1 2 5 9 + 13
1 2 5 9 + 14
1 2 5 9 + 15
1 3 5 9 + 0
1 3 5 9 + 2
1 3 5 9 + 4
1 3 5 9 + 6
1 3 5 9 + 7
1 3 5 9 + 8
1 3 5 9 + 10
1 3 5 9 + 11
1 3 5 9 + 12
1 3 5 9 + 13
1 3 5 9 + 14
1 3 5 9 + 15
0 1 8 9 + 2
0 1 8 9 + 3
0 1 8 9 + 4
0 1 8 9 + 5
0 1 8 9 + 6
0 1 8 9 + 7
0 1 8 9 + 10
0 1 8 9 + 11
0 1 8 9 + 12
0 1 8 9 + 13
0 1 8 9 + 14
0 1 8 9 + 15
0 4 8 9 + 1
0 4 8 9 + 2
0 4 8 9 + 3
0 4 8 9 + 5
0 4 8 9 + 6
0 4 8 9 + 7
0 4 8 9 + 10
0 4 8 9 + 11
0 4 8 9 + 12
0 4 8 9 + 13
0 4 8 9 + 14
0 4 8 9 + 15
4 5 8 9 + 0
4 5 8 9 + 1
4 5 8 9 + 2
4 5 8 9 + 3
4 5 8 9 + 6
4 5 8 9 + 7
4 5 8 9 + 10
4 5 8 9 + 11
4 5 8 9 + 12
4 5 8 9 + 13
4 5 8 9 + 14
4 5 8 9 + 15
0 2 6 10 + 1
0 2 6 10 + 3
0 2 6 10 + 4
0 2 6 10 + 5
0 2 6 10 + 7
0 2 6 10 + 8
0 2 6 10 + 9
0 2 6 10 + 11
0 2 6 10 + 12
0 2 6 10 + 13
0 2 6 10 + 14
0 2 6 10 + 15
1 2 6 10 + 0
1 2 6 10 + 3
1 2 6 10 + 4
1 2 6 10 + 5
1 2 6 10 + 7
1 2 6 10 + 8
1 2 6 10 + 9
1 2 6 10 + 11
1 2 6 10 + 12
1 2 6 10 + 13
1 2 6 10 + 14
1 2 6 10 + 15
2 3 6 10 + 0
2 3 6 10 + 1
2 3 6 10 + 4
2 3 6 10 + 5
2 3 6 10 + 7
2 3 6 10 + 8
2 3 6 10 + 9
2 3 6 10 + 11
2 3 6 10 + 12
2 3 6 10 + 13
2 3 6 10 + 14
2 3 6 10 + 15
0 8 9 10 + 1
0 8 9 10 + 2
0 8 9 10 + 3
0 8 9 10 + 4
0 8 9 10 + 5
0 8 9 10 + 6
0 8 9 10 + 7
0 8 9 10 + 11
0 8 9 10 + 12
0 8 9 10 + 13
0 8 9 10 + 14
0 8 9 10 + 15
4 8 9 10 + 0
4 8 9 10 + 1
4 8 9 10 + 2
4 8 9 10 + 3
4 8 9 10 + 5
4 8 9 10 + 6
4 8 9 10 + 7
4 8 9 10 + 11
4 8 9 10 + 12
4 8 9 10 + 13
4 8 9 10 + 14
4 8 9 10 + 15
1 2 3 11 + 0
1 2 3 11 + 4
1 2 3 11 + 5
1 2 3 11 + 6
1 2 3 11 + 7
1 2 3 11 + 8
1 2 3 11 + 9
1 2 3 11 + 10
1 2 3 11 + 12
1 2 3 11 + 13
1 2 3 11 + 14
1 2 3 11 + 15
0 3 7 11 + 1
0 3 7 11 + 2
0 3 7 11 + 4
0 3 7 11 + 5
0 3 7 11 + 6
0 3 7 11 + 8
0 3 7 11 + 9
0 3 7 11 + 10
0 3 7 11 + 12
0 3 7 11 + 13
0 3 7 11 + 14
0 3 7 11 + 15
1 3 7 11 + 0
1 3 7 11 + 2
1 3 7 11 + 4
1 3 7 11 + 5
1 3 7 11 + 6
1 3 7 11 + 8
1 3 7 11 + 9
1 3 7 11 + 10
1 3 7 11 + 12
1 3 7 11 + 13
1 3 7 11 + 14
1 3 7 11 + 15
2 3 7 11 + 0
2 3 7 11 + 1
2 3 7 11 + 4
2 3 7 11 + 5
2 3 7 11 + 6
2 3 7 11 + 8
2 3 7 11 + 9
2 3 7 11 + 10
2 3 7 11 + 12
2 3 7 11 + 13
2 3 7 11 + 14
2 3 7 11 + 15
3 6 7 11 + 0
3 6 7 11 + 1
3 6 7 11 + 2
3 6 7 11 + 4
3 6 7 11 + 5
3 6 7 11 + 8
3 6 7 11 + 9
3 6 7 11 + 10
3 6 7 11 + 12
3 6 7 11 + 13
3 6 7 11 + 14
3 6 7 11 + 15
5 6 7 11 + 0
5 6 7 11 + 1
5 6 7 11 + 2
5 6 7 11 + 3
5 6 7 11 + 4
5 6 7 11 + 8
5 6 7 11 + 9
5 6 7 11 + 10
5 6 7 11 + 12
5 6 7 11 + 13
5 6 7 11 + 14
5 6 7 11 + 15
2 3 10 11 + 0
2 3 10 11 + 1
2 3 10 11 + 4
2 3 10 11 + 5
2 3 10 11 + 6
2 3 10 11 + 7
2 3 10 11 + 8
2 3 10 11 + 9
2 3 10 11 + 12
2 3 10 11 + 13
2 3 10 11 + 14
2 3 10 11 + 15
3 7 10 11 + 0
3 7 10 11 + 1
3 7 10 11 + 2
3 7 10 11 + 4
3 7 10 11 + 5
3 7 10 11 + 6
3 7 10 11 + 8
3 7 10 11 + 9
3 7 10 11 + 12
3 7 10 11 + 13
3 7 10 11 + 14
3 7 10 11 + 15
6 7 10 11 + 0
6 7 10 11 + 1
6 7 10 11 + 2
6 7 10 11 + 3
6 7 10 11 + 4
6 7 10 11 + 5
6 7 10 11 + 8
6 7 10 11 + 9
6 7 10 11 + 12
6 7 10 11 + 13
6 7 10 11 + 14
6 7 10 11 + 15
3 9 10 11 + 0
3 9 10 11 + 1
3 9 10 11 + 2
3 9 10 11 + 4
3 9 10 11 + 5
3 9 10 11 + 6
3 9 10 11 + 7
3 9 10 11 + 8
3 9 10 11 + 12
3 9 10 11 + 13
3 9 10 11 + 14
3 9 10 11 + 15
7 9 10 11 + 0
7 9 10 11 + 1
7 9 10 11 + 2
7 9 10 11 + 3
7 9 10 11 + 4
7 9 10 11 + 5
7 9 10 11 + 6
7 9 10 11 + 8
7 9 10 11 + 12
7 9 10 11 + 13
7 9 10 11 + 14
7 9 10 11 + 15
8 9 10 11 + 0
8 9 10 11 + 1
8 9 10 11 + 2
8 9 10 11 + 3
8 9 10 11 + 4
8 9 10 11 + 5
8 9 10 11 + 6
8 9 10 11 + 7
8 9 10 11 + 12
8 9 10 11 + 13
8 9 10 11 + 14
8 9 10 11 + 15
0 1 2 12 + 3
0 1 2 12 + 4
0 1 2 12 + 5
0 1 2 12 + 6
0 1 2 12 + 7
0 1 2 12 + 8
0 1 2 12 + 9
0 1 2 12 + 10
0 1 2 12 + 11
0 1 2 12 + 13
0 1 2 12 + 14
0 1 2 12 + 15
0 1 4 12 + 2
0 1 4 12 + 3
0 1 4 12 + 5
0 1 4 12 + 6
0 1 4 12 + 7
0 1 4 12 + 8
0 1 4 12 + 9
0 1 4 12 + 10
0 1 4 12 + 11
0 1 4 12 + 13
0 1 4 12 + 14
0 1 4 12 + 15
0 4 5 12 + 1
0 4 5 12 + 2
0 4 5 12 + 3
0 4 5 12 + 6
0 4 5 12 + 7
0 4 5 12 + 8
0 4 5 12 + 9
0 4 5 12 + 10
0 4 5 12 + 11
0 4 5 12 + 13
0 4 5 12 + 14
0 4 5 12 + 15
4 5 6 12 + 0
4 5 6 12 + 1
4 5 6 12 + 2
4 5 6 12 + 3
4 5 6 12 + 7
4 5 6 12 + 8
4 5 6 12 + 9
4 5 6 12 + 10
4 5 6 12 + 11
4 5 6 12 + 13
4 5 6 12 + 14
4 5 6 12 + 15
0 1 8 12 + 2
0 1 8 12 + 3
0 1 8 12 + 4
0 1 8 12 + 5
0 1 8 12 + 6
0 1 8 12 + 7
0 1 8 12 + 9
0 1 8 12 + 10
0 1 8 12 + 11
0 1 8 12 + 13
0 1 8 12 + 14
0 1 8 12 + 15
0 4 8 12 + 1
0 4 8 12 + 2
0 4 8 12 + 3
0 4 8 12 + 5
0 4 8 12 + 6
0 4 8 12 + 7
0 4 8 12 + 9
0 4 8 12 + 10
0 4 8 12 + 11
0 4 8 12 + 13
0 4 8 12 + 14
0 4 8 12 + 15
4 5 8 12 + 0
4 5 8 12 + 1
4 5 8 12 + 2
4 5 8 12 + 3
4 5 8 12 + 6
4 5 8 12 + 7
4 5 8 12 + 9
4 5 8 12 + 10
4 5 8 12 + 11
4 5 8 12 + 13
4 5 8 12 + 14
4 5 8 12 + 15
0 8 9 12 + 1
0 8 9 12 + 2
0 8 9 12 + 3
0 8 9 12 + 4
0 8 9 12 + 5
0 8 9 12 + 6
0 8 9 12 + 7
0 8 9 12 + 10
0 8 9 12 + 11
0 8 9 12 + 13
0 8 9 12 + 14
0 8 9 12 + 15
4 8 9 12 + 0
4 8 9 12 + 1
4 8 9 12 + 2
4 8 9 12 + 3
4 8 9 12 + 5
4 8 9 12 + 6
4 8 9 12 + 7
4 8 9 12 + 10
4 8 9 12 + 11
4 8 9 12 + 13
4 8 9 12 + 14
4 8 9 12 + 15
8 9 10 12 + 0
8 9 10 12 + 1
8 9 10 12 + 2
8 9 10 12 + 3
8 9 10 12 + 4
8 9 10 12 + 5
8 9 10 12 + 6
8 9 10 12 + 7
8 9 10 12 + 11
8 9 10 12 + 13
8 9 10 12 + 14
8 9 10 12 + 15
1 5 9 13 + 0
1 5 9 13 + 2
1 5 9 13 + 3
1 5 9 13 + 4
1 5 9 13 + 6
1 5 9 13 + 7
1 5 9 13 + 8
1 5 9 13 + 10
1 5 9 13 + 11
1 5 9 13 + 12
1 5 9 13 + 14
1 5 9 13 + 15
0 1 12 13 + 2
0 1 12 13 + 3
0 1 12 13 + 4
0 1 12 13 + 5
0 1 12 13 + 6
0 1 12 13 + 7
0 1 12 13 + 8
0 1 12 13 + 9
0 1 12 13 + 10
0 1 12 13 + 11
0 1 12 13 + 14
0 1 12 13 + 15
0 4 12 13 + 1
0 4 12 13 + 2
0 4 12 13 + 3
0 4 12 13 + 5
0 4 12 13 + 6
0 4 12 13 + 7
0 4 12 13 + 8
0 4 12 13 + 9
0 4 12 13 + 10
0 4 12 13 + 11
0 4 12 13 + 14
0 4 12 13 + 15
4 5 12 13 + 0
4 5 12 13 + 1
4 5 12 13 + 2
4 5 12 13 + 3
4 5 12 13 + 6
4 5 12 13 + 7
4 5 12 13 + 8
4 5 12 13 + 9
4 5 12 13 + 10
4 5 12 13 + 11
4 5 12 13 + 14
4 5 12 13 + 15
0 8 12 13 + 1
0 8 12 13 + 2
0 8 12 13 + 3
0 8 12 13 + 4
0 8 12 13 + 5
0 8 12 13 + 6
0 8 12 13 + 7
0 8 12 13 + 9
0 8 12 13 + 10
0 8 12 13 + 11
0 8 12 13 + 14
0 8 12 13 + 15
4 8 12 13 + 0
4 8 12 13 + 1
4 8 12 13 + 2
4 8 12 13 + 3
4 8 12 13 + 5
4 8 12 13 + 6
4 8 12 13 + 7
4 8 12 13 + 9
4 8 12 13 + 10
4 8 12 13 + 11
4 8 12 13 + 14
4 8 12 13 + 15
5 9 12 13 + 0
5 9 12 13 + 1
5 9 12 13 + 2
5 9 12 13 + 3
5 9 12 13 + 4
5 9 12 13 + 6
5 9 12 13 + 7
5 9 12 13 + 8
5 9 12 13 + 10
5 9 12 13 + 11
5 9 12 13 + 14
5 9 12 13 + 15
8 9 12 13 + 0
8 9 12 13 + 1
8 9 12 13 + 2
8 9 12 13 + 3
8 9 12 13 + 4
8 9 12 13 + 5
8 9 12 13 + 6
8 9 12 13 + 7
8 9 12 13 + 10
8 9 12 13 + 11
8 9 12 13 + 14
8 9 12 13 + 15
2 6 10 14 + 0
2 6 10 14 + 1
2 6 10 14 + 3
2 6 10 14 + 4
2 6 10 14 + 5
2 6 10 14 + 7
2 6 10 14 + 8
2 6 10 14 + 9
2 6 10 14 + 11
2 6 10 14 + 12
2 6 10 14 + 13
2 6 10 14 + 15
4 8 12 14 + 0
4 8 12 14 + 1
4 8 12 14 + 2
4 8 12 14 + 3
4 8 12 14 + 5
4 8 12 14 + 6
4 8 12 14 + 7
4 8 12 14 + 9
4 8 12 14 + 10
4 8 12 14 + 11
4 8 12 14 + 13
4 8 12 14 + 15
6 10 12 14 + 0
6 10 12 14 + 1
6 10 12 14 + 2
6 10 12 14 + 3
6 10 12 14 + 4
6 10 12 14 + 5
6 10 12 14 + 7
6 10 12 14 + 8
6 10 12 14 + 9
6 10 12 14 + 11
6 10 12 14 + 13
6 10 12 14 + 15
8 10 12 14 + 0
8 10 12 14 + 1
8 10 12 14 + 2
8 10 12 14 + 3
8 10 12 14 + 4
8 10 12 14 + 5
8 10 12 14 + 6
8 10 12 14 + 7
8 10 12 14 + 9
8 10 12 14 + 11
8 10 12 14 + 13
8 10 12 14 + 15
5 9 13 14 + 0
5 9 13 14 + 1
5 9 13 14 + 2
5 9 13 14 + 3
5 9 13 14 + 4
5 9 13 14 + 6
5 9 13 14 + 7
5 9 13 14 + 8
5 9 13 14 + 10
5 9 13 14 + 11
5 9 13 14 + 12
5 9 13 14 + 15
6 10 13 14 + 0
6 10 13 14 + 1
6 10 13 14 + 2
6 10 13 14 + 3
6 10 13 14 + 4
6 10 13 14 + 5
6 10 13 14 + 7
6 10 13 14 + 8
6 10 13 14 + 9
6 10 13 14 + 11
6 10 13 14 + 12
6 10 13 14 + 15
9 10 13 14 + 0
9 10 13 14 + 1
9 10 13 14 + 2
9 10 13 14 + 3
9 10 13 14 + 4
9 10 13 14 + 5
9 10 13 14 + 6
9 10 13 14 + 7
9 10 13 14 + 8
9 10 13 14 + 11
9 10 13 14 + 12
9 10 13 14 + 15
0 12 13 14 + 1
0 12 13 14 + 2
0 12 13 14 + 3
0 12 13 14 + 4
0 12 13 14 + 5
0 12 13 14 + 6
0 12 13 14 + 7
0 12 13 14 + 8
0 12 13 14 + 9
0 12 13 14 + 10
0 12 13 14 + 11
0 12 13 14 + 15
4 12 13 14 + 0
4 12 13 14 + 1
4 12 13 14 + 2
4 12 13 14 + 3
4 12 13 14 + 5
4 12 13 14 + 6
4 12 13 14 + 7
4 12 13 14 + 8
4 12 13 14 + 9
4 12 13 14 + 10
4 12 13 14 + 11
4 12 13 14 + 15
8 12 13 14 + 0
8 12 13 14 + 1
8 12 13 14 + 2
8 12 13 14 + 3
8 12 13 14 + 4
8 12 13 14 + 5
8 12 13 14 + 6
8 12 13 14 + 7
8 12 13 14 + 9
8 12 13 14 + 10
8 12 13 14 + 11
8 12 13 14 + 15
9 12 13 14 + 0
9 12 13 14 + 1
9 12 13 14 + 2
9 12 13 14 + 3
9 12 13 14 + 4
9 12 13 14 + 5
9 12 13 14 + 6
9 12 13 14 + 7
9 12 13 14 + 8
9 12 13 14 + 10
9 12 13 14 + 11
9 12 13 14 + 15
10 12 13 14 + 0
10 12 13 14 + 1
10 12 13 14 + 2
10 12 13 14 + 3
10 12 13 14 + 4
10 12 13 14 + 5
10 12 13 14 + 6
10 12 13 14 + 7
10 12 13 14 + 8
10 12 13 14 + 9
10 12 13 14 + 11
10 12 13 14 + 15
1 2 3 15 + 0
1 2 3 15 + 4
1 2 3 15 + 5
1 2 3 15 + 6
1 2 3 15 + 7
1 2 3 15 + 8
1 2 3 15 + 9
1 2 3 15 + 10
1 2 3 15 + 11
1 2 3 15 + 12
1 2 3 15 + 13
1 2 3 15 + 14
2 3 7 15 + 0
2 3 7 15 + 1
2 3 7 15 + 4
2 3 7 15 + 5
2 3 7 15 + 6
2 3 7 15 + 8
2 3 7 15 + 9
2 3 7 15 + 10
2 3 7 15 + 11
2 3 7 15 + 12
2 3 7 15 + 13
2 3 7 15 + 14
3 6 7 15 + 0
3 6 7 15 + 1
3 6 7 15 + 2
3 6 7 15 + 4
3 6 7 15 + 5
3 6 7 15 + 8
3 6 7 15 + 9
3 6 7 15 + 10
3 6 7 15 + 11
3 6 7 15 + 12
3 6 7 15 + 13
3 6 7 15 + 14
5 6 7 15 + 0
5 6 7 15 + 1
5 6 7 15 + 2
5 6 7 15 + 3
5 6 7 15 + 4
5 6 7 15 + 8
5 6 7 15 + 9
5 6 7 15 + 10
5 6 7 15 + 11
5 6 7 15 + 12
5 6 7 15 + 13
5 6 7 15 + 14
2 3 11 15 + 0
2 3 11 15 + 1
2 3 11 15 + 4
2 3 11 15 + 5
2 3 11 15 + 6
2 3 11 15 + 7
2 3 11 15 + 8
2 3 11 15 + 9
2 3 11 15 + 10
2 3 11 15 + 12
2 3 11 15 + 13
2 3 11 15 + 14
3 7 11 15 + 0
3 7 11 15 + 1
3 7 11 15 + 2
3 7 11 15 + 4
3 7 11 15 + 5
3 7 11 15 + 6
3 7 11 15 + 8
3 7 11 15 + 9
3 7 11 15 + 10
3 7 11 15 + 12
3 7 11 15 + 13
3 7 11 15 + 14
6 7 11 15 + 0
6 7 11 15 + 1
6 7 11 15 + 2
6 7 11 15 + 3
6 7 11 15 + 4
6 7 11 15 + 5
6 7 11 15 + 8
6 7 11 15 + 9
6 7 11 15 + 10
6 7 11 15 + 12
6 7 11 15 + 13
6 7 11 15 + 14
3 10 11 15 + 0
3 10 11 15 + 1
3 10 11 15 + 2
3 10 11 15 + 4
3 10 11 15 + 5
3 10 11 15 + 6
3 10 11 15 + 7
3 10 11 15 + 8
3 10 11 15 + 9
3 10 11 15 + 12
3 10 11 15 + 13
3 10 11 15 + 14
7 10 11 15 + 0
7 10 11 15 + 1
7 10 11 15 + 2
7 10 11 15 + 3
7 10 11 15 + 4
7 10 11 15 + 5
7 10 11 15 + 6
7 10 11 15 + 8
7 10 11 15 + 9
7 10 11 15 + 12
7 10 11 15 + 13
7 10 11 15 + 14
9 10 11 15 + 0
9 10 11 15 + 1
9 10 11 15 + 2
9 10 11 15 + 3
9 10 11 15 + 4
9 10 11 15 + 5
9 10 11 15 + 6
9 10 11 15 + 7
9 10 11 15 + 8
9 10 11 15 + 12
9 10 11 15 + 13
9 10 11 15 + 14
4 8 12 15 + 0
4 8 12 15 + 1
4 8 12 15 + 2
4 8 12 15 + 3
4 8 12 15 + 5
4 8 12 15 + 6
4 8 12 15 + 7
4 8 12 15 + 9
4 8 12 15 + 10
4 8 12 15 + 11
4 8 12 15 + 13
4 8 12 15 + 14
7 11 12 15 + 0
7 11 12 15 + 1
7 11 12 15 + 2
7 11 12 15 + 3
7 11 12 15 + 4
7 11 12 15 + 5
7 11 12 15 + 6
7 11 12 15 + 8
7 11 12 15 + 9
7 11 12 15 + 10
7 11 12 15 + 13
7 11 12 15 + 14
8 11 12 15 + 0
8 11 12 15 + 1
8 11 12 15 + 2
8 11 12 15 + 3
8 11 12 15 + 4
8 11 12 15 + 5
8 11 12 15 + 6
8 11 12 15 + 7
8 11 12 15 + 9
8 11 12 15 + 10
8 11 12 15 + 13
8 11 12 15 + 14
5 9 13 15 + 0
5 9 13 15 + 1
5 9 13 15 + 2
5 9 13 15 + 3
5 9 13 15 + 4
5 9 13 15 + 6
5 9 13 15 + 7
5 9 13 15 + 8
5 9 13 15 + 10
5 9 13 15 + 11
5 9 13 15 + 12
5 9 13 15 + 14
7 11 13 15 + 0
7 11 13 15 + 1
7 11 13 15 + 2
7 11 13 15 + 3
7 11 13 15 + 4
7 11 13 15 + 5
7 11 13 15 + 6
7 11 13 15 + 8
7 11 13 15 + 9
7 11 13 15 + 10
7 11 13 15 + 12
7 11 13 15 + 14
9 11 13 15 + 0
9 11 13 15 + 1
9 11 13 15 + 2
9 11 13 15 + 3
9 11 13 15 + 4
9 11 13 15 + 5
9 11 13 15 + 6
9 11 13 15 + 7
9 11 13 15 + 8
9 11 13 15 + 10
9 11 13 15 + 12
9 11 13 15 + 14
8 12 13 15 + 0
8 12 13 15 + 1
8 12 13 15 + 2
8 12 13 15 + 3
8 12 13 15 + 4
8 12 13 15 + 5
8 12 13 15 + 6
8 12 13 15 + 7
8 12 13 15 + 9
8 12 13 15 + 10
8 12 13 15 + 11
8 12 13 15 + 14
9 12 13 15 + 0
9 12 13 15 + 1
9 12 13 15 + 2
9 12 13 15 + 3
9 12 13 15 + 4
9 12 13 15 + 5
9 12 13 15 + 6
9 12 13 15 + 7
9 12 13 15 + 8
9 12 13 15 + 10
9 12 13 15 + 11
9 12 13 15 + 14
11 12 13 15 + 0
11 12 13 15 + 1
11 12 13 15 + 2
11 12 13 15 + 3
11 12 13 15 + 4
11 12 13 15 + 5
11 12 13 15 + 6
11 12 13 15 + 7
11 12 13 15 + 8
11 12 13 15 + 9
11 12 13 15 + 10
11 12 13 15 + 14
2 3 14 15 + 0
2 3 14 15 + 1
2 3 14 15 + 4
2 3 14 15 + 5
2 3 14 15 + 6
2 3 14 15 + 7
2 3 14 15 + 8
2 3 14 15 + 9
2 3 14 15 + 10
2 3 14 15 + 11
2 3 14 15 + 12
2 3 14 15 + 13
3 7 14 15 + 0
3 7 14 15 + 1
3 7 14 15 + 2
3 7 14 15 + 4
3 7 14 15 + 5
3 7 14 15 + 6
3 7 14 15 + 8
3 7 14 15 + 9
3 7 14 15 + 10
3 7 14 15 + 11
3 7 14 15 + 12
3 7 14 15 + 13
6 7 14 15 + 0
6 7 14 15 + 1
6 7 14 15 + 2
6 7 14 15 + 3
6 7 14 15 + 4
6 7 14 15 + 5
6 7 14 15 + 8
6 7 14 15 + 9
6 7 14 15 + 10
6 7 14 15 + 11
6 7 14 15 + 12
6 7 14 15 + 13
6 10 14 15 + 0
6 10 14 15 + 1
6 10 14 15 + 2
6 10 14 15 + 3
6 10 14 15 + 4
6 10 14 15 + 5
6 10 14 15 + 7
6 10 14 15 + 8
6 10 14 15 + 9
6 10 14 15 + 11
6 10 14 15 + 12
6 10 14 15 + 13
3 11 14 15 + 0
3 11 14 15 + 1
3 11 14 15 + 2
3 11 14 15 + 4
3 11 14 15 + 5
3 11 14 15 + 6
3 11 14 15 + 7
3 11 14 15 + 8
3 11 14 15 + 9
3 11 14 15 + 10
3 11 14 15 + 12
3 11 14 15 + 13
7 11 14 15 + 0
7 11 14 15 + 1
7 11 14 15 + 2
7 11 14 15 + 3
7 11 14 15 + 4
7 11 14 15 + 5
7 11 14 15 + 6
7 11 14 15 + 8
7 11 14 15 + 9
7 11 14 15 + 10
7 11 14 15 + 12
7 11 14 15 + 13
10 11 14 15 + 0
10 11 14 15 + 1
10 11 14 15 + 2
10 11 14 15 + 3
10 11 14 15 + 4
10 11 14 15 + 5
10 11 14 15 + 6
10 11 14 15 + 7
10 11 14 15 + 8
10 11 14 15 + 9
10 11 14 15 + 12
10 11 14 15 + 13
8 12 14 15 + 0
8 12 14 15 + 1
8 12 14 15 + 2
8 12 14 15 + 3
8 12 14 15 + 4
8 12 14 15 + 5
8 12 14 15 + 6
8 12 14 15 + 7
8 12 14 15 + 9
8 12 14 15 + 10
8 12 14 15 + 11
8 12 14 15 + 13
10 12 14 15 + 0
10 12 14 15 + 1
10 12 14 15 + 2
10 12 14 15 + 3
10 12 14 15 + 4
10 12 14 15 + 5
10 12 14 15 + 6
10 12 14 15 + 7
10 12 14 15 + 8
10 12 14 15 + 9
10 12 14 15 + 11
10 12 14 15 + 13
11 12 14 15 + 0
11 12 14 15 + 1
11 12 14 15 + 2
11 12 14 15 + 3
11 12 14 15 + 4
11 12 14 15 + 5
11 12 14 15 + 6
11 12 14 15 + 7
11 12 14 15 + 8
11 12 14 15 + 9
11 12 14 15 + 10
11 12 14 15 + 13
3 13 14 15 + 0
3 13 14 15 + 1
3 13 14 15 + 2
3 13 14 15 + 4
3 13 14 15 + 5
3 13 14 15 + 6
3 13 14 15 + 7
3 13 14 15 + 8
3 13 14 15 + 9
3 13 14 15 + 10
3 13 14 15 + 11
3 13 14 15 + 12
7 13 14 15 + 0
7 13 14 15 + 1
7 13 14 15 + 2
7 13 14 15 + 3
7 13 14 15 + 4
7 13 14 15 + 5
7 13 14 15 + 6
7 13 14 15 + 8
7 13 14 15 + 9
7 13 14 15 + 10
7 13 14 15 + 11
7 13 14 15 + 12
9 13 14 15 + 0
9 13 14 15 + 1
9 13 14 15 + 2
9 13 14 15 + 3
9 13 14 15 + 4
9 13 14 15 + 5
9 13 14 15 + 6
9 13 14 15 + 7
9 13 14 15 + 8
9 13 14 15 + 10
9 13 14 15 + 11
9 13 14 15 + 12
10 13 14 15 + 0
10 13 14 15 + 1
10 13 14 15 + 2
10 13 14 15 + 3
10 13 14 15 + 4
10 13 14 15 + 5
10 13 14 15 + 6
10 13 14 15 + 7
10 13 14 15 + 8
10 13 14 15 + 9
10 13 14 15 + 11
10 13 14 15 + 12
11 13 14 15 + 0
11 13 14 15 + 1
11 13 14 15 + 2
11 13 14 15 + 3
11 13 14 15 + 4
11 13 14 15 + 5
11 13 14 15 + 6
11 13 14 15 + 7
11 13 14 15 + 8
11 13 14 15 + 9
11 13 14 15 + 10
11 13 14 15 + 12
12 13 14 15 + 0
12 13 14 15 + 1
12 13 14 15 + 2
12 13 14 15 + 3
12 13 14 15 + 4
12 13 14 15 + 5
12 13 14 15 + 6
12 13 14 15 + 7
12 13 14 15 + 8
12 13 14 15 + 9
12 13 14 15 + 10
12 13 14 15 + 11
